{
 "cells": [
  {
   "cell_type": "markdown",
   "id": "70b7985b-fb73-4ab4-8b3f-e9f9a5a5521d",
   "metadata": {},
   "source": [
    "# 26the april assignment  PCA implementation"
   ]
  },
  {
   "cell_type": "markdown",
   "id": "fa791c8b-1df1-46e0-93ea-39446b89660f",
   "metadata": {},
   "source": [
    "Objective:\n",
    "The objective of this assignment is to implement PCA on a given dataset and analyse the results.\n",
    "\n",
    "Deliverables:\n",
    "    \n",
    "Jupyter notebook containing the code for the PCA implementation.\n",
    "A report summarising the results of PCA and clustering analysis.\n",
    "Scatter plot showing the results of PCA.\n",
    "A table showing the performance metrics for the clustering algorithm.\n",
    "\n",
    "Additional Information:\n",
    "    \n",
    "You can use the python programming language.\n",
    "You can use any other machine learning libraries or tools as necessary.\n",
    "You can use any visualisation libraries or tools as necessary."
   ]
  },
  {
   "cell_type": "code",
   "execution_count": 3,
   "id": "cc52159d-237e-4c29-8e62-6a4ab6630715",
   "metadata": {},
   "outputs": [],
   "source": [
    "# importing necessary libraries\n",
    "\n",
    "import pandas as pd\n",
    "import numpy as np\n",
    "from sklearn.decomposition import PCA\n",
    "from sklearn.preprocessing import StandardScaler\n",
    "from sklearn.cluster import KMeans\n",
    "import matplotlib.pyplot as plt\n",
    "\n",
    "import warnings\n",
    "warnings.filterwarnings('ignore')"
   ]
  },
  {
   "cell_type": "code",
   "execution_count": 5,
   "id": "d075bf11-cb94-4247-9ea8-f9db43112271",
   "metadata": {},
   "outputs": [
    {
     "data": {
      "text/html": [
       "<div>\n",
       "<style scoped>\n",
       "    .dataframe tbody tr th:only-of-type {\n",
       "        vertical-align: middle;\n",
       "    }\n",
       "\n",
       "    .dataframe tbody tr th {\n",
       "        vertical-align: top;\n",
       "    }\n",
       "\n",
       "    .dataframe thead th {\n",
       "        text-align: right;\n",
       "    }\n",
       "</style>\n",
       "<table border=\"1\" class=\"dataframe\">\n",
       "  <thead>\n",
       "    <tr style=\"text-align: right;\">\n",
       "      <th></th>\n",
       "      <th>0</th>\n",
       "      <th>1</th>\n",
       "      <th>2</th>\n",
       "      <th>3</th>\n",
       "      <th>4</th>\n",
       "      <th>5</th>\n",
       "      <th>6</th>\n",
       "      <th>7</th>\n",
       "      <th>8</th>\n",
       "      <th>9</th>\n",
       "      <th>10</th>\n",
       "      <th>11</th>\n",
       "      <th>12</th>\n",
       "      <th>13</th>\n",
       "    </tr>\n",
       "  </thead>\n",
       "  <tbody>\n",
       "    <tr>\n",
       "      <th>0</th>\n",
       "      <td>1</td>\n",
       "      <td>14.23</td>\n",
       "      <td>1.71</td>\n",
       "      <td>2.43</td>\n",
       "      <td>15.6</td>\n",
       "      <td>127</td>\n",
       "      <td>2.80</td>\n",
       "      <td>3.06</td>\n",
       "      <td>0.28</td>\n",
       "      <td>2.29</td>\n",
       "      <td>5.64</td>\n",
       "      <td>1.04</td>\n",
       "      <td>3.92</td>\n",
       "      <td>1065</td>\n",
       "    </tr>\n",
       "    <tr>\n",
       "      <th>1</th>\n",
       "      <td>1</td>\n",
       "      <td>13.20</td>\n",
       "      <td>1.78</td>\n",
       "      <td>2.14</td>\n",
       "      <td>11.2</td>\n",
       "      <td>100</td>\n",
       "      <td>2.65</td>\n",
       "      <td>2.76</td>\n",
       "      <td>0.26</td>\n",
       "      <td>1.28</td>\n",
       "      <td>4.38</td>\n",
       "      <td>1.05</td>\n",
       "      <td>3.40</td>\n",
       "      <td>1050</td>\n",
       "    </tr>\n",
       "    <tr>\n",
       "      <th>2</th>\n",
       "      <td>1</td>\n",
       "      <td>13.16</td>\n",
       "      <td>2.36</td>\n",
       "      <td>2.67</td>\n",
       "      <td>18.6</td>\n",
       "      <td>101</td>\n",
       "      <td>2.80</td>\n",
       "      <td>3.24</td>\n",
       "      <td>0.30</td>\n",
       "      <td>2.81</td>\n",
       "      <td>5.68</td>\n",
       "      <td>1.03</td>\n",
       "      <td>3.17</td>\n",
       "      <td>1185</td>\n",
       "    </tr>\n",
       "    <tr>\n",
       "      <th>3</th>\n",
       "      <td>1</td>\n",
       "      <td>14.37</td>\n",
       "      <td>1.95</td>\n",
       "      <td>2.50</td>\n",
       "      <td>16.8</td>\n",
       "      <td>113</td>\n",
       "      <td>3.85</td>\n",
       "      <td>3.49</td>\n",
       "      <td>0.24</td>\n",
       "      <td>2.18</td>\n",
       "      <td>7.80</td>\n",
       "      <td>0.86</td>\n",
       "      <td>3.45</td>\n",
       "      <td>1480</td>\n",
       "    </tr>\n",
       "    <tr>\n",
       "      <th>4</th>\n",
       "      <td>1</td>\n",
       "      <td>13.24</td>\n",
       "      <td>2.59</td>\n",
       "      <td>2.87</td>\n",
       "      <td>21.0</td>\n",
       "      <td>118</td>\n",
       "      <td>2.80</td>\n",
       "      <td>2.69</td>\n",
       "      <td>0.39</td>\n",
       "      <td>1.82</td>\n",
       "      <td>4.32</td>\n",
       "      <td>1.04</td>\n",
       "      <td>2.93</td>\n",
       "      <td>735</td>\n",
       "    </tr>\n",
       "  </tbody>\n",
       "</table>\n",
       "</div>"
      ],
      "text/plain": [
       "   0      1     2     3     4    5     6     7     8     9     10    11    12  \\\n",
       "0   1  14.23  1.71  2.43  15.6  127  2.80  3.06  0.28  2.29  5.64  1.04  3.92   \n",
       "1   1  13.20  1.78  2.14  11.2  100  2.65  2.76  0.26  1.28  4.38  1.05  3.40   \n",
       "2   1  13.16  2.36  2.67  18.6  101  2.80  3.24  0.30  2.81  5.68  1.03  3.17   \n",
       "3   1  14.37  1.95  2.50  16.8  113  3.85  3.49  0.24  2.18  7.80  0.86  3.45   \n",
       "4   1  13.24  2.59  2.87  21.0  118  2.80  2.69  0.39  1.82  4.32  1.04  2.93   \n",
       "\n",
       "     13  \n",
       "0  1065  \n",
       "1  1050  \n",
       "2  1185  \n",
       "3  1480  \n",
       "4   735  "
      ]
     },
     "execution_count": 5,
     "metadata": {},
     "output_type": "execute_result"
    }
   ],
   "source": [
    "# Loading the wine dataset into a panda dataframe \n",
    "\n",
    "wine = pd.read_csv('wine.csv',header = None)\n",
    "wine.head()"
   ]
  },
  {
   "cell_type": "code",
   "execution_count": 12,
   "id": "51898bed-0b56-4e4d-a0e5-de49c0385b95",
   "metadata": {},
   "outputs": [
    {
     "data": {
      "text/html": [
       "<div>\n",
       "<style scoped>\n",
       "    .dataframe tbody tr th:only-of-type {\n",
       "        vertical-align: middle;\n",
       "    }\n",
       "\n",
       "    .dataframe tbody tr th {\n",
       "        vertical-align: top;\n",
       "    }\n",
       "\n",
       "    .dataframe thead th {\n",
       "        text-align: right;\n",
       "    }\n",
       "</style>\n",
       "<table border=\"1\" class=\"dataframe\">\n",
       "  <thead>\n",
       "    <tr style=\"text-align: right;\">\n",
       "      <th></th>\n",
       "      <th>1</th>\n",
       "      <th>2</th>\n",
       "      <th>3</th>\n",
       "      <th>4</th>\n",
       "      <th>5</th>\n",
       "      <th>6</th>\n",
       "      <th>7</th>\n",
       "      <th>8</th>\n",
       "      <th>9</th>\n",
       "      <th>10</th>\n",
       "      <th>11</th>\n",
       "      <th>12</th>\n",
       "      <th>13</th>\n",
       "    </tr>\n",
       "  </thead>\n",
       "  <tbody>\n",
       "    <tr>\n",
       "      <th>0</th>\n",
       "      <td>14.23</td>\n",
       "      <td>1.71</td>\n",
       "      <td>2.43</td>\n",
       "      <td>15.6</td>\n",
       "      <td>127</td>\n",
       "      <td>2.80</td>\n",
       "      <td>3.06</td>\n",
       "      <td>0.28</td>\n",
       "      <td>2.29</td>\n",
       "      <td>5.64</td>\n",
       "      <td>1.04</td>\n",
       "      <td>3.92</td>\n",
       "      <td>1065</td>\n",
       "    </tr>\n",
       "    <tr>\n",
       "      <th>1</th>\n",
       "      <td>13.20</td>\n",
       "      <td>1.78</td>\n",
       "      <td>2.14</td>\n",
       "      <td>11.2</td>\n",
       "      <td>100</td>\n",
       "      <td>2.65</td>\n",
       "      <td>2.76</td>\n",
       "      <td>0.26</td>\n",
       "      <td>1.28</td>\n",
       "      <td>4.38</td>\n",
       "      <td>1.05</td>\n",
       "      <td>3.40</td>\n",
       "      <td>1050</td>\n",
       "    </tr>\n",
       "    <tr>\n",
       "      <th>2</th>\n",
       "      <td>13.16</td>\n",
       "      <td>2.36</td>\n",
       "      <td>2.67</td>\n",
       "      <td>18.6</td>\n",
       "      <td>101</td>\n",
       "      <td>2.80</td>\n",
       "      <td>3.24</td>\n",
       "      <td>0.30</td>\n",
       "      <td>2.81</td>\n",
       "      <td>5.68</td>\n",
       "      <td>1.03</td>\n",
       "      <td>3.17</td>\n",
       "      <td>1185</td>\n",
       "    </tr>\n",
       "    <tr>\n",
       "      <th>3</th>\n",
       "      <td>14.37</td>\n",
       "      <td>1.95</td>\n",
       "      <td>2.50</td>\n",
       "      <td>16.8</td>\n",
       "      <td>113</td>\n",
       "      <td>3.85</td>\n",
       "      <td>3.49</td>\n",
       "      <td>0.24</td>\n",
       "      <td>2.18</td>\n",
       "      <td>7.80</td>\n",
       "      <td>0.86</td>\n",
       "      <td>3.45</td>\n",
       "      <td>1480</td>\n",
       "    </tr>\n",
       "    <tr>\n",
       "      <th>4</th>\n",
       "      <td>13.24</td>\n",
       "      <td>2.59</td>\n",
       "      <td>2.87</td>\n",
       "      <td>21.0</td>\n",
       "      <td>118</td>\n",
       "      <td>2.80</td>\n",
       "      <td>2.69</td>\n",
       "      <td>0.39</td>\n",
       "      <td>1.82</td>\n",
       "      <td>4.32</td>\n",
       "      <td>1.04</td>\n",
       "      <td>2.93</td>\n",
       "      <td>735</td>\n",
       "    </tr>\n",
       "    <tr>\n",
       "      <th>...</th>\n",
       "      <td>...</td>\n",
       "      <td>...</td>\n",
       "      <td>...</td>\n",
       "      <td>...</td>\n",
       "      <td>...</td>\n",
       "      <td>...</td>\n",
       "      <td>...</td>\n",
       "      <td>...</td>\n",
       "      <td>...</td>\n",
       "      <td>...</td>\n",
       "      <td>...</td>\n",
       "      <td>...</td>\n",
       "      <td>...</td>\n",
       "    </tr>\n",
       "    <tr>\n",
       "      <th>173</th>\n",
       "      <td>13.71</td>\n",
       "      <td>5.65</td>\n",
       "      <td>2.45</td>\n",
       "      <td>20.5</td>\n",
       "      <td>95</td>\n",
       "      <td>1.68</td>\n",
       "      <td>0.61</td>\n",
       "      <td>0.52</td>\n",
       "      <td>1.06</td>\n",
       "      <td>7.70</td>\n",
       "      <td>0.64</td>\n",
       "      <td>1.74</td>\n",
       "      <td>740</td>\n",
       "    </tr>\n",
       "    <tr>\n",
       "      <th>174</th>\n",
       "      <td>13.40</td>\n",
       "      <td>3.91</td>\n",
       "      <td>2.48</td>\n",
       "      <td>23.0</td>\n",
       "      <td>102</td>\n",
       "      <td>1.80</td>\n",
       "      <td>0.75</td>\n",
       "      <td>0.43</td>\n",
       "      <td>1.41</td>\n",
       "      <td>7.30</td>\n",
       "      <td>0.70</td>\n",
       "      <td>1.56</td>\n",
       "      <td>750</td>\n",
       "    </tr>\n",
       "    <tr>\n",
       "      <th>175</th>\n",
       "      <td>13.27</td>\n",
       "      <td>4.28</td>\n",
       "      <td>2.26</td>\n",
       "      <td>20.0</td>\n",
       "      <td>120</td>\n",
       "      <td>1.59</td>\n",
       "      <td>0.69</td>\n",
       "      <td>0.43</td>\n",
       "      <td>1.35</td>\n",
       "      <td>10.20</td>\n",
       "      <td>0.59</td>\n",
       "      <td>1.56</td>\n",
       "      <td>835</td>\n",
       "    </tr>\n",
       "    <tr>\n",
       "      <th>176</th>\n",
       "      <td>13.17</td>\n",
       "      <td>2.59</td>\n",
       "      <td>2.37</td>\n",
       "      <td>20.0</td>\n",
       "      <td>120</td>\n",
       "      <td>1.65</td>\n",
       "      <td>0.68</td>\n",
       "      <td>0.53</td>\n",
       "      <td>1.46</td>\n",
       "      <td>9.30</td>\n",
       "      <td>0.60</td>\n",
       "      <td>1.62</td>\n",
       "      <td>840</td>\n",
       "    </tr>\n",
       "    <tr>\n",
       "      <th>177</th>\n",
       "      <td>14.13</td>\n",
       "      <td>4.10</td>\n",
       "      <td>2.74</td>\n",
       "      <td>24.5</td>\n",
       "      <td>96</td>\n",
       "      <td>2.05</td>\n",
       "      <td>0.76</td>\n",
       "      <td>0.56</td>\n",
       "      <td>1.35</td>\n",
       "      <td>9.20</td>\n",
       "      <td>0.61</td>\n",
       "      <td>1.60</td>\n",
       "      <td>560</td>\n",
       "    </tr>\n",
       "  </tbody>\n",
       "</table>\n",
       "<p>178 rows × 13 columns</p>\n",
       "</div>"
      ],
      "text/plain": [
       "        1     2     3     4    5     6     7     8     9      10    11    12  \\\n",
       "0    14.23  1.71  2.43  15.6  127  2.80  3.06  0.28  2.29   5.64  1.04  3.92   \n",
       "1    13.20  1.78  2.14  11.2  100  2.65  2.76  0.26  1.28   4.38  1.05  3.40   \n",
       "2    13.16  2.36  2.67  18.6  101  2.80  3.24  0.30  2.81   5.68  1.03  3.17   \n",
       "3    14.37  1.95  2.50  16.8  113  3.85  3.49  0.24  2.18   7.80  0.86  3.45   \n",
       "4    13.24  2.59  2.87  21.0  118  2.80  2.69  0.39  1.82   4.32  1.04  2.93   \n",
       "..     ...   ...   ...   ...  ...   ...   ...   ...   ...    ...   ...   ...   \n",
       "173  13.71  5.65  2.45  20.5   95  1.68  0.61  0.52  1.06   7.70  0.64  1.74   \n",
       "174  13.40  3.91  2.48  23.0  102  1.80  0.75  0.43  1.41   7.30  0.70  1.56   \n",
       "175  13.27  4.28  2.26  20.0  120  1.59  0.69  0.43  1.35  10.20  0.59  1.56   \n",
       "176  13.17  2.59  2.37  20.0  120  1.65  0.68  0.53  1.46   9.30  0.60  1.62   \n",
       "177  14.13  4.10  2.74  24.5   96  2.05  0.76  0.56  1.35   9.20  0.61  1.60   \n",
       "\n",
       "       13  \n",
       "0    1065  \n",
       "1    1050  \n",
       "2    1185  \n",
       "3    1480  \n",
       "4     735  \n",
       "..    ...  \n",
       "173   740  \n",
       "174   750  \n",
       "175   835  \n",
       "176   840  \n",
       "177   560  \n",
       "\n",
       "[178 rows x 13 columns]"
      ]
     },
     "execution_count": 12,
     "metadata": {},
     "output_type": "execute_result"
    }
   ],
   "source": [
    "# splitting the dataset into features and target variables\n",
    "\n",
    "x = wine.iloc[:,1:]  # exclude 0th index\n",
    "x\n",
    "y = wine.iloc[:,0]  # taking 0th index as an ouput \n",
    "y\n",
    "x"
   ]
  },
  {
   "cell_type": "code",
   "execution_count": 14,
   "id": "693ddbb0-8a70-4390-b15a-d795c5f3d30a",
   "metadata": {},
   "outputs": [
    {
     "data": {
      "text/plain": [
       "array([[ 1.51861254, -0.5622498 ,  0.23205254, ...,  0.36217728,\n",
       "         1.84791957,  1.01300893],\n",
       "       [ 0.24628963, -0.49941338, -0.82799632, ...,  0.40605066,\n",
       "         1.1134493 ,  0.96524152],\n",
       "       [ 0.19687903,  0.02123125,  1.10933436, ...,  0.31830389,\n",
       "         0.78858745,  1.39514818],\n",
       "       ...,\n",
       "       [ 0.33275817,  1.74474449, -0.38935541, ..., -1.61212515,\n",
       "        -1.48544548,  0.28057537],\n",
       "       [ 0.20923168,  0.22769377,  0.01273209, ..., -1.56825176,\n",
       "        -1.40069891,  0.29649784],\n",
       "       [ 1.39508604,  1.58316512,  1.36520822, ..., -1.52437837,\n",
       "        -1.42894777, -0.59516041]])"
      ]
     },
     "execution_count": 14,
     "metadata": {},
     "output_type": "execute_result"
    }
   ],
   "source": [
    "# perform data preprocessing (e.g., scaling , normalization , missing value inputatin \n",
    "\n",
    "wine.isnull().sum()  # no missing values\n",
    "# scaling the features , so that all the feature will be in same unit\n",
    "\n",
    "scaler = StandardScaler()\n",
    "x_scaled = scaler.fit_transform(x)\n",
    "x_scaled"
   ]
  },
  {
   "cell_type": "code",
   "execution_count": 17,
   "id": "c25e92b7-ca00-4fa3-9d20-40ae3f706f6e",
   "metadata": {},
   "outputs": [
    {
     "data": {
      "text/plain": [
       "array([[ 3.31675081e+00, -1.44346263e+00, -1.65739045e-01, ...,\n",
       "        -4.51563395e-01,  5.40810414e-01, -6.62386309e-02],\n",
       "       [ 2.20946492e+00,  3.33392887e-01, -2.02645737e+00, ...,\n",
       "        -1.42657306e-01,  3.88237741e-01,  3.63650247e-03],\n",
       "       [ 2.51674015e+00, -1.03115130e+00,  9.82818670e-01, ...,\n",
       "        -2.86672847e-01,  5.83573183e-04,  2.17165104e-02],\n",
       "       ...,\n",
       "       [-2.67783946e+00, -2.76089913e+00, -9.40941877e-01, ...,\n",
       "         5.12492025e-01,  6.98766451e-01,  7.20776948e-02],\n",
       "       [-2.38701709e+00, -2.29734668e+00, -5.50696197e-01, ...,\n",
       "         2.99821968e-01,  3.39820654e-01, -2.18657605e-02],\n",
       "       [-3.20875816e+00, -2.76891957e+00,  1.01391366e+00, ...,\n",
       "        -2.29964331e-01, -1.88787963e-01, -3.23964720e-01]])"
      ]
     },
     "execution_count": 17,
     "metadata": {},
     "output_type": "execute_result"
    }
   ],
   "source": [
    "# perform PCA on the preprocessed dataset using the scikit learn \n",
    "\n",
    "pca  = PCA()\n",
    "pca.fit(x_scaled)\n",
    "x_pca  =  pca.transform(x_scaled)\n",
    "x_pca\n"
   ]
  },
  {
   "cell_type": "code",
   "execution_count": 18,
   "id": "2047931f-5b48-4a29-a6b1-fa526e9b0ab8",
   "metadata": {},
   "outputs": [
    {
     "data": {
      "text/plain": [
       "array([[ 0.1443294 , -0.24518758, -0.00205106, -0.23932041,  0.14199204,\n",
       "         0.39466085,  0.4229343 , -0.2985331 ,  0.31342949, -0.0886167 ,\n",
       "         0.29671456,  0.37616741,  0.28675223],\n",
       "       [-0.48365155, -0.22493093, -0.31606881,  0.0105905 , -0.299634  ,\n",
       "        -0.06503951,  0.00335981, -0.02877949, -0.03930172, -0.52999567,\n",
       "         0.27923515,  0.16449619, -0.36490283],\n",
       "       [-0.20738262,  0.08901289,  0.6262239 ,  0.61208035,  0.13075693,\n",
       "         0.14617896,  0.1506819 ,  0.17036816,  0.14945431, -0.13730621,\n",
       "         0.08522192,  0.16600459, -0.12674592],\n",
       "       [-0.0178563 ,  0.53689028, -0.21417556,  0.06085941, -0.35179658,\n",
       "         0.19806835,  0.15229479, -0.20330102,  0.39905653,  0.06592568,\n",
       "        -0.42777141,  0.18412074, -0.23207086],\n",
       "       [-0.26566365,  0.03521363, -0.14302547,  0.06610294,  0.72704851,\n",
       "        -0.14931841, -0.10902584, -0.50070298,  0.13685982, -0.07643678,\n",
       "        -0.17361452, -0.10116099, -0.1578688 ],\n",
       "       [-0.21353865, -0.53681385, -0.15447466,  0.10082451, -0.03814394,\n",
       "         0.0841223 ,  0.01892002,  0.25859401,  0.53379539,  0.41864414,\n",
       "        -0.10598274, -0.26585107, -0.11972557],\n",
       "       [-0.05639636,  0.42052391, -0.14917061, -0.28696914,  0.3228833 ,\n",
       "        -0.02792498, -0.06068521,  0.59544729,  0.37213935, -0.22771214,\n",
       "         0.23207564, -0.0447637 ,  0.0768045 ],\n",
       "       [-0.39613926, -0.06582674,  0.17026002, -0.42797018,  0.15636143,\n",
       "         0.40593409,  0.18724536,  0.23328465, -0.36822675,  0.03379692,\n",
       "        -0.43662362,  0.07810789, -0.12002267],\n",
       "       [ 0.50861912, -0.07528304, -0.30769445,  0.20044931,  0.27140257,\n",
       "         0.28603452,  0.04957849,  0.19550132, -0.20914487,  0.05621752,\n",
       "         0.08582839,  0.1372269 , -0.57578611],\n",
       "       [ 0.21160473, -0.30907994, -0.02712539,  0.05279942,  0.06787022,\n",
       "        -0.32013135, -0.16315051,  0.21553507,  0.1341839 , -0.29077518,\n",
       "        -0.52239889,  0.52370587,  0.162116  ],\n",
       "       [-0.22591696,  0.07648554, -0.49869142,  0.47931378,  0.07128891,\n",
       "         0.30434119, -0.02569409,  0.11689586, -0.23736257,  0.0318388 ,\n",
       "        -0.04821201,  0.0464233 ,  0.53926983],\n",
       "       [-0.26628645,  0.12169604, -0.04962237, -0.05574287,  0.06222011,\n",
       "        -0.30388245, -0.04289883,  0.04235219, -0.09555303,  0.60422163,\n",
       "         0.259214  ,  0.60095872, -0.07940162],\n",
       "       [ 0.01496997,  0.02596375, -0.14121803,  0.09168285,  0.05677422,\n",
       "        -0.46390791,  0.83225706,  0.11403985, -0.11691707, -0.0119928 ,\n",
       "        -0.08988884, -0.15671813,  0.01444734]])"
      ]
     },
     "execution_count": 18,
     "metadata": {},
     "output_type": "execute_result"
    }
   ],
   "source": [
    "pca.components_  # initiallly there were 13 columns so we get 13 principal component\n"
   ]
  },
  {
   "cell_type": "code",
   "execution_count": 19,
   "id": "062b5562-44d8-49d9-bf1b-d050b045f579",
   "metadata": {},
   "outputs": [
    {
     "data": {
      "text/plain": [
       "array([4.73243698, 2.51108093, 1.45424187, 0.92416587, 0.85804868,\n",
       "       0.64528221, 0.55414147, 0.35046627, 0.29051203, 0.25232001,\n",
       "       0.22706428, 0.16972374, 0.10396199])"
      ]
     },
     "execution_count": 19,
     "metadata": {},
     "output_type": "execute_result"
    }
   ],
   "source": [
    "pca.explained_variance_"
   ]
  },
  {
   "cell_type": "code",
   "execution_count": 20,
   "id": "6a35fffd-fab5-46cb-ac9f-d23e5c2d26b2",
   "metadata": {},
   "outputs": [
    {
     "data": {
      "text/plain": [
       "array([0.36198848, 0.1920749 , 0.11123631, 0.0706903 , 0.06563294,\n",
       "       0.04935823, 0.04238679, 0.02680749, 0.02222153, 0.01930019,\n",
       "       0.01736836, 0.01298233, 0.00795215])"
      ]
     },
     "execution_count": 20,
     "metadata": {},
     "output_type": "execute_result"
    }
   ],
   "source": [
    "pca.explained_variance_ratio_"
   ]
  },
  {
   "cell_type": "code",
   "execution_count": 21,
   "id": "c8a84a42-ccac-44f7-bcbd-162ea9233b6d",
   "metadata": {},
   "outputs": [
    {
     "data": {
      "text/plain": [
       "array(['pca0', 'pca1', 'pca2', 'pca3', 'pca4', 'pca5', 'pca6', 'pca7',\n",
       "       'pca8', 'pca9', 'pca10', 'pca11', 'pca12'], dtype=object)"
      ]
     },
     "execution_count": 21,
     "metadata": {},
     "output_type": "execute_result"
    }
   ],
   "source": [
    "pca.get_feature_names_out()"
   ]
  },
  {
   "cell_type": "code",
   "execution_count": 24,
   "id": "a8a03d5b-c3d4-4593-83f6-3580a4812285",
   "metadata": {},
   "outputs": [
    {
     "data": {
      "text/plain": [
       "13"
      ]
     },
     "execution_count": 24,
     "metadata": {},
     "output_type": "execute_result"
    }
   ],
   "source": [
    "pca.n_components_"
   ]
  },
  {
   "cell_type": "code",
   "execution_count": 25,
   "id": "0b517134-7abf-40b1-8716-6ac46e98a9a6",
   "metadata": {},
   "outputs": [
    {
     "data": {
      "text/plain": [
       "array([28.94203422, 21.08225141, 16.04371561, 12.78973645, 12.32374195,\n",
       "       10.68713954,  9.90368818,  7.8760733 ,  7.17081793,  6.6828618 ,\n",
       "        6.33958815,  5.48097635,  4.28967045])"
      ]
     },
     "execution_count": 25,
     "metadata": {},
     "output_type": "execute_result"
    }
   ],
   "source": [
    "pca.singular_values_"
   ]
  },
  {
   "cell_type": "code",
   "execution_count": 27,
   "id": "d6bd59a3-05de-4ab1-88ce-2a50cb634a24",
   "metadata": {},
   "outputs": [
    {
     "data": {
      "text/plain": [
       "array([[ 1.00564972,  0.09493026,  0.21273976, -0.31198788,  0.27232816,\n",
       "         0.29073446,  0.23815287, -0.15681042,  0.13747022,  0.549451  ,\n",
       "        -0.07215255,  0.07275191,  0.64735687],\n",
       "       [ 0.09493026,  1.00564972,  0.16497228,  0.29013035, -0.05488343,\n",
       "        -0.3370606 , -0.41332866,  0.29463237, -0.22199334,  0.25039204,\n",
       "        -0.56446685, -0.37079354, -0.19309537],\n",
       "       [ 0.21273976,  0.16497228,  1.00564972,  0.44587209,  0.28820583,\n",
       "         0.12970824,  0.11572743,  0.1872826 ,  0.00970647,  0.2603499 ,\n",
       "        -0.07508874,  0.00393333,  0.22488969],\n",
       "       [-0.31198788,  0.29013035,  0.44587209,  1.00564972, -0.0838039 ,\n",
       "        -0.32292752, -0.353355  ,  0.36396647, -0.19844168,  0.01883781,\n",
       "        -0.27550299, -0.27833221, -0.44308618],\n",
       "       [ 0.27232816, -0.05488343,  0.28820583, -0.0838039 ,  1.00564972,\n",
       "         0.21561254,  0.19688989, -0.25774204,  0.23777643,  0.20107967,\n",
       "         0.05571118,  0.06637684,  0.39557317],\n",
       "       [ 0.29073446, -0.3370606 ,  0.12970824, -0.32292752,  0.21561254,\n",
       "         1.00564972,  0.86944804, -0.45247731,  0.61587304, -0.05544792,\n",
       "         0.43613151,  0.70390388,  0.50092909],\n",
       "       [ 0.23815287, -0.41332866,  0.11572743, -0.353355  ,  0.19688989,\n",
       "         0.86944804,  1.00564972, -0.54093859,  0.65637929, -0.17335329,\n",
       "         0.54654907,  0.79164133,  0.49698518],\n",
       "       [-0.15681042,  0.29463237,  0.1872826 ,  0.36396647, -0.25774204,\n",
       "        -0.45247731, -0.54093859,  1.00564972, -0.36791202,  0.13984265,\n",
       "        -0.26412347, -0.50611293, -0.31314443],\n",
       "       [ 0.13747022, -0.22199334,  0.00970647, -0.19844168,  0.23777643,\n",
       "         0.61587304,  0.65637929, -0.36791202,  1.00564972, -0.02539259,\n",
       "         0.29721399,  0.52199968,  0.33228346],\n",
       "       [ 0.549451  ,  0.25039204,  0.2603499 ,  0.01883781,  0.20107967,\n",
       "        -0.05544792, -0.17335329,  0.13984265, -0.02539259,  1.00564972,\n",
       "        -0.52476129, -0.43123763,  0.31788599],\n",
       "       [-0.07215255, -0.56446685, -0.07508874, -0.27550299,  0.05571118,\n",
       "         0.43613151,  0.54654907, -0.26412347,  0.29721399, -0.52476129,\n",
       "         1.00564972,  0.56866303,  0.23751782],\n",
       "       [ 0.07275191, -0.37079354,  0.00393333, -0.27833221,  0.06637684,\n",
       "         0.70390388,  0.79164133, -0.50611293,  0.52199968, -0.43123763,\n",
       "         0.56866303,  1.00564972,  0.31452809],\n",
       "       [ 0.64735687, -0.19309537,  0.22488969, -0.44308618,  0.39557317,\n",
       "         0.50092909,  0.49698518, -0.31314443,  0.33228346,  0.31788599,\n",
       "         0.23751782,  0.31452809,  1.00564972]])"
      ]
     },
     "execution_count": 27,
     "metadata": {},
     "output_type": "execute_result"
    }
   ],
   "source": [
    "pca.get_covariance()"
   ]
  },
  {
   "cell_type": "code",
   "execution_count": 29,
   "id": "d1b4006f-d4db-4dcd-8d1d-83b9adb2e9d5",
   "metadata": {},
   "outputs": [
    {
     "data": {
      "text/plain": [
       "'auto'"
      ]
     },
     "execution_count": 29,
     "metadata": {},
     "output_type": "execute_result"
    }
   ],
   "source": [
    "pca.iterated_power"
   ]
  },
  {
   "cell_type": "code",
   "execution_count": 46,
   "id": "b0b9217d-607c-409e-b20b-cce2cb83851f",
   "metadata": {},
   "outputs": [
    {
     "ename": "SyntaxError",
     "evalue": "invalid syntax. Perhaps you forgot a comma? (1331515765.py, line 7)",
     "output_type": "error",
     "traceback": [
      "\u001b[0;36m  Cell \u001b[0;32mIn[46], line 7\u001b[0;36m\u001b[0m\n\u001b[0;31m    print(cumulative_variance_ratio,\"\\n\" optimal_n_components)\u001b[0m\n\u001b[0m                                    ^\u001b[0m\n\u001b[0;31mSyntaxError\u001b[0m\u001b[0;31m:\u001b[0m invalid syntax. Perhaps you forgot a comma?\n"
     ]
    }
   ],
   "source": [
    "# Determine the optimal number of principal component to retain based on explained covarince ratio\n",
    "\n",
    "cumulativeVariance_ratio = np.cumsum(pca.explained_variance_ratio_)\n",
    "\n",
    "optimal_n_components = np.argmax(cumulativeVariance_ratio >=0.95)+1\n",
    "\n"
   ]
  },
  {
   "cell_type": "code",
   "execution_count": 49,
   "id": "631ce217-8843-4048-ac90-773bf65e3797",
   "metadata": {},
   "outputs": [
    {
     "data": {
      "text/plain": [
       "array([0.36198848, 0.55406338, 0.66529969, 0.73598999, 0.80162293,\n",
       "       0.85098116, 0.89336795, 0.92017544, 0.94239698, 0.96169717,\n",
       "       0.97906553, 0.99204785, 1.        ])"
      ]
     },
     "execution_count": 49,
     "metadata": {},
     "output_type": "execute_result"
    }
   ],
   "source": [
    "cum = np.cumsum(pca.explained_variance_ratio_)\n",
    "cum"
   ]
  },
  {
   "cell_type": "code",
   "execution_count": 50,
   "id": "15a7ccac-9386-40f2-9ddc-eca21633bde8",
   "metadata": {},
   "outputs": [
    {
     "data": {
      "text/plain": [
       "12"
      ]
     },
     "execution_count": 50,
     "metadata": {},
     "output_type": "execute_result"
    }
   ],
   "source": [
    "optimal_n_component = np.argmax(cum)\n",
    "optimal_n_component"
   ]
  },
  {
   "cell_type": "code",
   "execution_count": 51,
   "id": "87ec177c-df3f-4755-ab9c-591aa84c6fac",
   "metadata": {},
   "outputs": [
    {
     "data": {
